
===== colon (randomised) =====
  |S| subsets median n    events     ESS/n truncated max|SMD|
    0      1      619       291     0.989     0.000    0.004
    1      9      533       242     0.987     0.000    0.004
    2     36      458       204     0.985     0.000    0.005
    3     84      392       159     0.984     0.000    0.006
    4    126      341       136     0.981     0.000    0.007
    5    126      297       115     0.979     0.000    0.008
    6     84      257        98     0.977     0.000    0.009
    7     36      224        74     0.977     0.000    0.011
    8      9      192        61     0.974     0.000    0.011
    9      1      176        56     0.976     0.000    0.011

===== Rotterdam (registry) =====
  |S| subsets median n    events     ESS/n truncated max|SMD|
    0      1     2982      1272     0.374     0.397    0.465
    1      9     2568      1022     0.379     0.376    0.459
    2     36     1968       817     0.383     0.366    0.436
    3     84     1613       642     0.383     0.333    0.377
    4    126     1266       518     0.381     0.309    0.327
    5    126      860       424     0.382     0.303    0.265
    6     84      694       340     0.380     0.294    0.252
    7     36      571       279     0.373     0.289    0.244
    8      9      485       231     0.375     0.297    0.250
    9      1      419       191     0.369     0.315    0.251
